1	211	1.37041
1	650	1.68867
1	704	1.96519
1	794	2.45983
1	825	2.5786
2	48	2.51597
2	90	2.51581
2	145	2.51568
2	168	2.51568
2	543	2.7
3	603	0.510051
3	615	0.823143
3	919	2.70876
3	934	2.97766
3	950	3.04276
4	51	2.51597
4	80	2.51581
4	100	2.51568
4	191	2.51568
4	744	4.15692
5	775	1.92002
5	797	2.39817
5	815	2.5982
5	900	3.14681
5	968	4.98487
6	88	2.51597
6	110	2.51581
6	130	2.51568
6	137	2.51568
6	924	1.54074
7	17	1.52602
7	180	1.65327
7	218	1.99173
7	345	2.33904
7	453	2.55275
8	849	1.64238
8	865	1.6828
8	916	1.84861
8	947	2.38035
8	954	2.50819
9	137	1.11803
9	905	1.37855
9	921	2.16344
9	988	3.34993
9	989	3.17028
10	866	0.842562
10	931	1.82656
10	958	2.26905
10	964	2.33508
10	981	2.78879
11	226	1.49157
11	393	1.98967
11	457	2.14578
11	472	2.27219
11	492	2.16312
12	47	1.41385
12	59	2.12014
12	104	2.12014
12	256	2.20472
12	347	2.20474
13	290	1.59979
13	312	1.59976
13	417	2.28789
13	444	2.28783
13	459	2.28781
14	362	1.93751
14	374	1.73933
14	451	1.82198
14	476	2.00094
14	544	2.56317
15	377	1.40717
15	511	1.93524
15	535	2.12073
15	536	2.51973
15	549	2.07952
16	92	1.62103
16	425	2.12893
16	431	1.79377
16	559	2.19576
16	591	2.32325
17	7	1.52602
17	218	1.81142
17	238	1.55772
17	315	2.79403
17	453	2.37244
18	382	1.66094
18	418	1.72014
18	441	1.72014
18	570	2.4808
18	601	2.4808
19	117	0.692808
19	684	1.99813
19	702	2.21995
19	727	2.29946
19	876	2.85272
20	990	1.78139
20	991	2.10803
20	992	2.04038
20	994	2.03847
20	996	2.2121
21	404	0.124062
21	619	0.23765
21	962	3.18475
21	972	3.25859
21	973	3.25857
22	405	0.477904
22	776	2.08091
22	812	2.6092
22	891	3.23577
22	995	4.88828
23	388	0.473842
23	768	0.945736
23	917	2.99195
23	918	3.31779
23	936	3.27982
24	158	1.67762
24	271	2.09384
24	297	2.08415
24	302	1.71636
24	537	2.49024
25	787	1.32777
25	832	1.52218
25	862	1.73073
25	938	2.66414
25	946	2.81772
26	135	1.81467
26	329	3.16177
26	391	2.54267
26	456	2.54267
26	949	4.79246
27	335	1.77892
27	475	2.76132
27	483	2.76128
27	528	2.76125
27	818	1.11987
28	88	1.11803
28	295	0.990374
28	775	2.29506
28	870	3.25613
28	900	3.52184
29	268	0.890313
29	667	2.02919
29	677	2.48735
29	740	2.32792
29	753	2.32794
30	723	0.987551
30	824	2.179
30	834	1.83094
30	864	2.16705
30	957	2.89836
31	717	1.29963
31	815	2.64388
31	870	2.92679
31	900	3.19249
31	926	0.990376
32	892	0.497248
32	955	1.47847
32	982	2.51278
32	993	2.73455
32	998	2.84366
33	587	0.485842
33	781	1.2553
33	901	2.3053
33	924	3.02143
33	943	2.9944
34	525	0.951894
34	771	2.29095
34	802	2.2975
34	827	2.26103
34	833	2.26104
35	880	0.266819
35	944	1.59381
35	982	2.5512
35	993	2.77297
35	998	2.88208
36	438	0.145386
36	812	1.29239
36	942	2.60892
36	949	2.44395
36	995	3.57146
37	686	0.0508034
37	913	2.12292
37	942	2.36391
37	949	2.19895
37	995	3.32646
38	616	0.0188724
38	669	0.26605
38	945	2.90396
38	960	3.27668
38	984	3.59616
39	379	1.89861
39	493	1.63609
39	543	2.128
39	573	2.03154
39	697	2.3689
40	684	1.5514
40	727	1.85274
40	813	2.03498
40	817	2.14783
40	872	2.47566
41	62	1.369
41	83	1.82499
41	242	2.27187
41	277	2.27187
41	408	2.32521
42	303	2.20281
42	313	2.20281
42	432	2.52068
42	534	3.13673
42	843	2.53774
43	422	1.46076
43	539	1.90781
43	804	3.3839
43	825	3.3104
43	932	1.57231
44	506	0.828403
44	763	1.95507
44	794	2.32246
44	804	2.51474
44	825	2.44123
45	880	0.266819
45	944	1.59381
45	982	2.5512
45	993	2.77297
45	998	2.88208
46	57	1.67715
46	77	1.67714
46	177	2.51561
46	209	1.67707
46	213	2.51556
47	12	1.41385
47	59	2.12016
47	104	2.12016
47	256	2.20474
47	347	2.20476
48	2	2.51597
48	90	2.51582
48	145	2.51569
48	168	2.51569
48	974	1.57466
49	336	2.18782
49	350	2.30163
49	396	2.47863
49	498	3.0947
49	786	4.68722
50	979	1.79706
50	990	1.848
50	991	2.17464
50	992	2.10699
50	1000	2.24806
51	4	2.51597
51	80	2.51582
51	100	2.51569
51	191	2.51569
51	805	0.927427
52	768	0.680126
52	958	2.93204
52	964	2.99807
52	975	0.545855
52	981	3.45178
53	908	0.665147
53	971	2.1545
53	974	2.10867
53	983	2.61403
53	985	2.61303
54	101	1.18238
54	815	2.10655
54	839	1.72988
54	870	2.38945
54	900	2.65516
55	283	1.75529
55	364	1.34233
55	425	2.23506
55	559	2.30188
55	591	2.42938
56	245	2.18088
56	366	1.84652
56	531	2.84321
56	611	3.19158
56	998	2.58317
57	46	1.67715
57	77	1.67718
57	177	2.51565
57	209	1.67712
57	213	2.51561
58	149	2.46129
58	220	2.04191
58	410	2.73005
58	425	1.85203
58	522	2.82985
59	12	2.12014
59	47	2.12016
59	256	2.91103
59	347	2.91106
59	948	5.15946
60	249	0.125765
60	694	1.4409
60	898	2.96233
60	904	2.52539
60	926	3.00781
61	192	0.235969
61	489	2.26274
61	599	0.382283
61	993	4.6637
61	998	4.77281
62	41	1.369
62	63	1.82487
62	242	2.27171
62	277	2.27171
62	408	2.32505
63	62	1.82487
63	242	2.72774
63	277	2.72774
63	408	2.78108
63	672	3.16228
64	158	2.30973
64	176	2.46305
64	230	2.2727
64	525	2.26274
64	530	3.01701
65	357	1.93606
65	494	2.28791
65	576	2.85007
65	611	2.98846
65	658	3.16228
66	623	2.25423
66	700	2.43312
66	713	2.43312
66	743	2.94175
66	948	5.15946
67	614	1.7483
67	665	3.16228
67	772	2.28911
67	869	2.81686
67	883	3.20853
68	290	1.59979
68	312	1.59976
68	417	2.28789
68	444	2.28783
68	459	2.28781
69	138	1.67699
69	142	2.51553
69	147	1.67702
69	200	1.67698
69	206	2.51548
70	627	3.16228
70	953	2.25799
70	956	2.42869
70	959	2.59861
70	966	2.77859
71	726	0.945834
71	917	2.83621
71	918	3.16205
71	936	3.12408
71	952	4.98363
72	303	2.20281
72	313	2.20281
72	432	2.52068
72	534	3.13673
72	659	3.16228
73	146	2.36191
73	269	2.30484
73	370	2.49213
73	423	2.90427
73	464	1.85203
74	373	0.587015
74	684	3.64829
74	917	2.95582
74	918	3.28166
74	936	3.24369
75	228	1.96261
75	361	1.87204
75	428	1.76423
75	580	2.30794
75	593	2.15551
76	235	1.46969
76	889	1.98724
76	906	2.00116
76	956	2.86244
76	966	3.21234
77	46	1.67714
77	57	1.67718
77	177	2.51564
77	209	1.67711
77	213	2.5156
78	552	0.4965
78	823	1.74576
78	898	2.73709
78	904	2.30014
78	926	2.78257
79	567	1.85478
79	596	1.80639
79	663	1.80149
79	733	2.37831
79	751	2.22183
80	4	2.51581
80	51	2.51582
80	100	2.51553
80	191	2.51553
80	864	6.4
81	114	1.47808
81	121	1.56574
81	293	2.40979
81	341	2.19881
81	359	2.40978
82	368	0.137296
82	548	0.111348
82	846	2.13735
82	942	3.3525
82	995	4.31504
83	41	1.82499
83	242	2.7277
83	277	2.7277
83	408	2.78104
83	853	1.93487
84	243	2.24081
84	270	2.22003
84	307	2.77281
84	392	2.82975
84	795	2.04681
85	758	1.78133
85	836	0.411855
85	861	2.35604
85	884	2.74483
85	928	3.18026
86	105	1.73752
86	228	2.04428
86	361	1.95371
86	452	1.93673
86	580	2.38962
87	487	0.612279
87	767	2.50683
87	774	1.76092
87	783	2.32104
87	893	2.86143
88	6	2.51597
88	28	1.11803
88	110	2.51582
88	130	2.51569
88	137	2.51569
89	93	1.76451
89	495	2.7825
89	551	2.86751
89	597	2.64891
89	725	3.64829
90	2	2.51581
90	48	2.51582
90	145	2.51553
90	168	2.51553
90	569	2.7
91	892	2.7038
91	979	2.24667
91	991	2.62425
91	994	2.55469
91	996	2.72832
92	16	1.62103
92	364	2.1318
92	559	3.09135
92	591	3.21885
92	859	3.40856
93	89	1.76451
93	321	1.36159
93	474	2.01156
93	597	2.21746
93	626	2.70666
94	430	1.19737
94	783	2.65507
94	844	3.01442
94	893	3.19546
94	897	2.3462
95	407	1.85203
95	414	1.16878
95	521	1.78857
95	783	3.28246
95	893	3.82285
96	106	1.97294
96	140	1.97288
96	251	2.01037
96	255	2.01032
96	462	2.09536
97	485	1.12379
97	610	2.19457
97	742	0.802302
97	831	3.02547
97	901	3.71883
98	295	0.690473
98	761	1.64688
98	797	2.4733
98	839	2.29666
98	870	2.95623
99	538	0.18312
99	831	1.59832
99	901	2.29168
99	924	3.00781
99	943	2.98078
100	4	2.51568
100	51	2.51569
100	80	2.51553
100	188	1.11803
100	191	2.5154
101	54	1.18238
101	734	2.28536
101	816	2.82979
101	830	5.80948
101	900	3.7646
102	220	2.16507
102	286	2.09159
102	410	2.85322
102	466	1.85203
102	522	2.95302
103	168	1.11803
103	784	2.20922
103	785	2.26599
103	798	2.60249
103	867	2.98508
104	12	2.12014
104	47	2.12016
104	256	2.91103
104	347	2.91106
104	477	2.26274
105	86	1.73752
105	154	2.17793
105	580	3.14981
105	593	2.99737
105	644	3.16228
106	96	1.97294
106	164	1.9731
106	255	3.0156
106	329	0.67509
106	462	3.10064
107	192	1.11803
107	566	1.36674
107	832	2.08607
107	938	3.22803
107	946	3.38161
108	134	2.06961
108	336	2.26506
108	396	2.55586
108	498	3.17193
108	791	4.68722
109	440	0.028855
109	739	0.739387
109	942	3.07911
109	949	2.91415
109	995	4.04166
110	6	2.51581
110	88	2.51582
110	130	2.51553
110	137	2.51553
110	764	4.15692
111	153	2.31767
111	159	2.31772
111	205	2.31768
111	287	3.10883
111	963	5.70295
112	223	1.46969
112	889	1.77223
112	953	2.47673
112	959	2.81735
112	966	2.99733
113	755	1.36601
113	798	1.92543
113	822	1.92626
113	856	2.53769
113	867	2.30803
114	81	1.47808
114	121	1.56584
114	293	2.4099
114	341	2.19892
114	359	2.40989
115	687	1.15066
115	870	1.13986
115	898	3.10094
115	904	2.66399
115	926	3.14641
116	779	4.68722
116	975	2.34428
116	976	2.32209
116	988	2.78746
116	989	2.60781
117	19	0.692808
117	398	1.85203
117	702	2.67816
117	872	3.38059
117	876	3.31093
118	909	0.610465
118	944	1.50778
118	982	2.46516
118	993	2.68693
118	998	2.79604
119	332	1.41005
119	680	2.1815
119	692	1.67141
119	695	1.98021
119	879	2.81865
120	655	1.04983
120	767	2.19617
120	811	1.89616
120	844	2.36972
120	893	2.55076
121	81	1.56574
121	114	1.56584
121	128	1.93535
121	293	2.49755
121	359	2.49755
122	197	1.11803
122	771	2.63205
122	791	2.22606
122	827	2.60214
122	833	2.60214
123	477	0.752518
123	572	1.16153
123	698	1.44696
123	925	3.1202
123	933	3.58051
124	269	1.87518
124	292	2.28393
124	565	2.9518
124	598	2.95183
124	706	3.64829
125	840	0.117127
125	894	1.11559
125	977	2.64779
125	986	2.9148
125	997	3.26801
126	340	1.1354
126	680	2.14949
126	695	1.9482
126	707	2.04236
126	879	2.78664
127	625	2.07782
127	634	2.03904
127	731	4.15692
127	795	2.96411
127	826	2.9804
128	121	1.93535
128	293	2.7794
128	341	2.56843
128	359	2.7794
128	971	5.67765
129	755	1.94581
129	784	2.11197
129	856	3.11749
129	867	2.88783
129	958	2.76791
130	6	2.51568
130	88	2.51569
130	110	2.51553
130	137	2.5154
130	959	0.92275
131	640	0.357019
131	666	0.327863
131	917	2.92158
131	918	3.24741
131	936	3.20944
132	752	0.472585
132	899	1.75923
132	939	2.5949
132	940	2.61354
132	941	2.62251
133	273	1.46969
133	276	1.72688
133	628	2.58121
133	733	2.97101
133	750	2.78375
134	108	2.06961
134	194	1.5939
134	350	1.80965
134	396	1.98665
134	498	2.60271
135	26	1.81467
135	179	1.33098
135	203	2.22352
135	391	2.34666
135	456	2.34665
136	429	1.72995
136	474	1.75156
136	551	2.17605
136	597	1.95745
136	626	2.44666
137	6	2.51568
137	9	1.11803
137	88	2.51569
137	110	2.51553
137	130	2.5154
138	69	1.67699
138	142	2.51565
138	147	1.67714
138	200	1.67711
138	206	2.5156
139	357	1.40806
139	494	1.75992
139	531	2.11209
139	576	2.32207
139	611	2.46047
140	96	1.97288
140	164	1.97305
140	251	3.0156
140	462	3.10059
140	591	2.7
141	267	1.46969
141	907	1.77834
141	962	2.71263
141	972	2.78647
141	973	2.78644
142	69	2.51553
142	138	2.51565
142	147	2.51568
142	200	2.51565
142	905	0.403762
143	567	2.26734
143	628	2.40107
143	641	3.16228
143	733	2.79087
143	750	2.60361
144	931	2.03717
144	958	2.47966
144	964	2.54569
144	981	2.9994
144	982	1.03972
145	2	2.51568
145	48	2.51569
145	90	2.51553
145	168	2.5154
145	749	4.15692
146	73	2.36191
146	423	2.24851
146	545	2.7
146	565	2.7257
146	598	2.72573
147	69	1.67702
147	138	1.67714
147	142	2.51568
147	200	1.67714
147	206	2.51563
148	875	1.31879
148	919	2.04465
148	927	2.00746
148	934	2.31355
148	950	2.37865
149	58	2.46129
149	204	2.06756
149	239	1.46969
149	286	2.33586
149	522	3.19729
150	829	1.16584
150	962	2.91676
150	972	2.9906
150	973	2.99057
150	984	3.61355
151	162	1.35762
151	383	2.38108
151	406	1.43459
151	563	1.71604
151	817	3.1728
152	226	2.15734
152	461	2.13841
152	472	2.93796
152	492	2.82889
152	961	1.7606
153	111	2.31767
153	159	1.28159
153	205	1.28155
153	241	3.10907
153	287	2.0727
154	105	2.17793
154	232	1.46969
154	452	2.37714
154	580	2.83003
154	593	2.6776
155	800	1.6132
155	849	2.28178
155	922	3.89978
155	947	3.01975
155	954	3.14758
156	269	1.93041
156	370	2.11771
156	565	3.00703
156	598	3.00706
156	980	1.94357
157	755	1.36601
157	798	1.92543
157	822	1.92626
157	856	2.53769
157	867	2.30803
158	24	1.67762
158	64	2.30973
158	230	1.84858
158	271	2.30183
158	302	1.92436
159	111	2.31772
159	153	1.28159
159	205	1.28161
159	241	3.10912
159	287	2.07276
160	185	2.54357
160	243	2.29866
160	351	2.33519
160	392	2.8876
160	914	2.66023
161	655	3.16228
161	846	1.46519
161	913	2.43935
161	949	2.51538
161	995	3.64289
162	151	1.35762
162	684	2.5429
162	702	2.76472
162	876	3.39749
162	923	2.78209
163	259	1.34979
163	445	2.03801
163	475	2.22497
163	483	2.22493
163	528	2.22491
164	106	1.9731
164	140	1.97305
164	251	2.01054
164	255	2.01048
164	462	2.09553
165	805	1.80916
165	853	2.0461
165	924	3.11694
165	925	4.10514
165	943	3.08991
166	805	1.89382
166	831	1.7921
166	863	6.4
166	924	3.20159
166	943	3.17456
167	480	2.26274
167	667	2.25157
167	677	2.70974
167	740	2.5503
167	753	2.55033
168	2	2.51568
168	48	2.51569
168	90	2.51553
168	103	1.11803
168	145	2.5154
169	450	1.3844
169	825	5.80948
169	862	2.40756
169	881	2.77647
169	946	3.49456
170	622	0.918192
170	736	1.19029
170	912	2.43632
170	925	2.52857
170	933	2.98888
171	346	1.29683
171	376	1.49223
171	667	2.22542
171	740	2.52414
171	753	2.52417
172	406	0.934356
172	644	1.39959
172	727	2.37747
172	747	2.35168
172	872	3.0004
173	371	1.42746
173	377	1.68047
173	511	2.20853
173	535	2.39403
173	549	2.35282
174	292	1.46969
174	922	1.59306
174	976	2.47594
174	988	2.94131
174	999	3.05153
175	368	0.704743
175	776	1.64588
175	913	3.24972
175	919	3.45001
175	995	4.45325
176	64	2.46305
176	230	2.0019
176	454	1.85203
176	530	2.7462
176	537	2.85154
177	46	2.51561
177	57	2.51565
177	77	2.51564
177	209	2.51558
177	998	2.58317
178	210	1.40516
178	374	1.87239
178	451	1.95504
178	476	2.13401
178	544	2.69623
179	135	1.33098
179	203	1.93585
179	329	2.67808
179	391	2.05898
179	456	2.05898
180	7	1.65327
180	218	1.93867
180	238	1.68496
180	345	2.28598
180	453	2.49969
181	963	1.67145
181	971	1.90483
181	974	1.859
181	983	2.36436
181	985	2.36336
182	338	1.65535
182	523	1.87122
182	568	2.09925
182	612	2.21833
182	656	2.21833
183	819	0.708906
183	835	1.039
183	956	2.94486
183	959	3.11478
183	966	3.29477
184	921	1.35929
184	952	1.57768
184	975	2.1026
184	989	2.36613
184	999	2.656
185	160	2.54357
185	299	2.7206
185	307	2.64632
185	351	2.15084
185	687	3.64829
186	583	2.7
186	758	1.69363
186	868	2.61907
186	884	2.65713
186	928	3.09256
187	674	3.64829
187	955	1.60283
187	982	2.63713
187	993	2.85891
187	998	2.96801
188	100	1.11803
188	210	1.89388
188	374	2.36111
188	476	2.62272
188	544	3.18495
189	605	2.7
189	834	1.78331
189	864	2.11941
189	957	2.85073
189	961	3.30902
190	940	4.13734
190	977	2.24017
190	980	2.48671
190	987	2.47978
190	997	2.8604
191	4	2.51568
191	51	2.51569
191	80	2.51553
191	100	2.5154
191	813	1.59704
192	61	0.235969
192	107	1.11803
192	880	1.98785
192	955	3.23792
192	998	4.60311
193	299	1.46969
193	515	0.853298
193	828	2.31209
193	871	2.81957
193	961	4.07708
194	134	1.5939
194	336	1.78935
194	350	1.90316
194	396	2.08015
194	498	2.69622
195	294	0.344519
195	473	1.1753
195	859	2.86123
195	869	2.64453
195	883	3.0362
196	785	1.54435
196	798	1.88085
196	822	1.88167
196	856	2.4931
196	867	2.26344
197	122	1.11803
197	779	2.24877
197	782	2.12381
197	843	2.75498
197	852	2.93502
198	471	0.690908
198	604	0.704592
198	851	2.38945
198	912	2.86231
198	933	3.41487
199	539	2.26274
199	862	1.9185
199	881	2.2874
199	938	2.85191
199	946	3.0055
200	69	1.67698
200	138	1.67711
200	142	2.51565
200	147	1.67714
200	206	2.5156
201	338	2.1231
201	568	2.567
201	612	2.68607
201	656	2.68607
201	660	3.16228
202	609	1.33631
202	623	1.92012
202	700	2.09901
202	713	2.09902
202	743	2.60764
203	135	2.22352
203	179	1.93585
203	391	2.95153
203	419	1.85203
203	456	2.95152
204	149	2.06756
204	220	1.64818
204	286	1.5747
204	410	2.33633
204	522	2.43613
205	111	2.31768
205	153	1.28155
205	159	1.28161
205	241	3.10908
205	287	2.07272
206	69	2.51548
206	138	2.5156
206	147	2.51563
206	200	2.5156
206	912	0.647851
207	969	1.60755
207	978	1.8332
207	980	2.08664
207	987	2.07971
207	997	2.46032
208	832	1.36793
208	862	1.57648
208	881	1.94538
208	938	2.50989
208	946	2.66348
209	46	1.67707
209	57	1.67712
209	77	1.67711
209	177	2.51558
209	213	2.51553
210	178	1.40516
210	188	1.89388
210	451	1.94767
210	476	2.12663
210	544	2.68886
211	1	1.37041
211	252	1.75758
211	650	3.02207
211	825	3.912
211	944	4.79246
212	738	0.744908
212	899	1.69109
212	939	2.52676
212	940	2.5454
212	941	2.55437
213	46	2.51556
213	57	2.51561
213	77	2.5156
213	209	2.51553
213	972	3.90428
214	914	0.800508
214	963	1.93383
214	971	2.1672
214	983	2.62674
214	985	2.62574
215	738	2.22922
215	904	7.63675
215	939	2.59569
215	940	2.61433
215	941	2.6233
216	878	1.15505
216	882	1.63279
216	965	2.22484
216	968	2.24187
216	984	2.80744
217	868	1.54439
217	914	1.39656
217	971	2.76326
217	974	2.71743
217	983	3.22279
217	985	3.22179
218	7	1.99173
218	17	1.81142
218	180	1.93867
218	238	2.02343
218	345	2.62444
218	453	2.83815
219	405	0.0878059
219	776	1.51259
219	812	2.04088
219	846	2.14226
219	913	3.11642
219	995	4.31996
220	58	2.04191
220	102	2.16507
220	204	1.64818
220	286	1.91648
220	410	2.67811
220	522	2.77791
221	354	0.631784
221	769	1.98091
221	807	2.04442
221	860	2.68854
221	895	2.90805
221	911	2.97426
222	263	1.66434
222	382	1.96101
222	418	2.02021
222	441	2.02021
222	570	2.78087
222	601	2.78087
223	112	1.46969
223	726	1.10647
223	886	2.52306
223	917	2.99685
223	918	3.32269
223	936	3.28471
224	693	3.64829
224	878	1.6423
224	945	2.60249
224	960	2.97522
224	965	2.7121
224	984	3.29469
225	566	1.406
225	578	0.498791
225	787	1.93092
225	881	2.70278
225	938	3.2673
225	946	3.42088
226	11	1.49157
226	152	2.15734
226	427	2.34721
226	457	2.59264
226	461	1.9195
226	472	2.71905
227	705	2.30661
227	779	2.46801
227	782	2.34305
227	835	2.95595
227	852	3.15426
227	931	1.39708
228	75	1.96261
228	86	2.04428
228	428	2.91286
228	452	3.00369
228	593	3.30414
228	962	3.10817
229	638	0.676331
229	649	0.857875
229	828	2.02847
229	871	2.53595
229	957	3.33517
229	961	3.79346
230	64	2.2727
230	158	1.84858
230	176	2.0019
230	302	1.88733
230	530	2.55586
230	537	2.6612
231	318	1.72414
231	560	2.18469
231	625	2.42986
231	634	2.39108
231	653	2.09147
231	715	2.40297
232	154	1.46969
232	838	2.26198
232	855	2.32471
232	874	2.57387
232	923	2.96618
232	937	3.10124
233	629	0.637561
233	834	1.87849
233	864	2.2146
233	871	2.14669
233	957	2.94591
233	961	3.4042
234	532	1.56353
234	861	2.52493
234	868	2.87567
234	884	2.91373
234	921	3.85698
234	928	3.34916
235	76	1.46969
235	854	1.71656
235	899	2.23943
235	939	3.07509
235	940	3.09373
235	941	3.10271
236	288	1.5099
236	319	1.47627
236	560	2.53823
236	625	2.7834
236	715	2.75651
236	795	3.6697
237	492	2.26274
237	932	1.03461
237	991	3.04769
237	994	2.97813
237	996	3.15176
237	1000	3.12111
238	17	1.55772
238	180	1.68496
238	218	2.02343
238	315	3.00603
238	345	2.37074
238	453	2.58445
239	149	1.46969
239	533	0.96775
239	773	1.85851
239	850	2.6324
239	903	3.43699
239	970	4.33175
240	969	1.82511
240	977	2.05766
240	978	2.05076
240	986	2.32467
240	987	2.29727
240	997	2.67788
241	153	3.10907
241	159	3.10912
241	205	3.10908
241	287	3.90023
241	736	4.15692
241	804	0.575669
242	41	2.27187
242	62	2.27171
242	63	2.72774
242	83	2.7277
242	408	3.22792
242	965	1.81717
243	84	2.24081
243	160	2.29866
243	270	1.84862
243	299	2.47568
243	351	1.90592
243	392	2.45834
244	319	1.22024
244	415	1.35872
244	560	2.28221
244	641	2.44939
244	715	2.50048
244	795	3.41367
245	56	2.18088
245	494	2.35799
245	531	2.71017
245	576	2.92015
245	611	3.05854
245	733	4.15692
246	894	0.740639
246	977	2.27284
246	978	2.26594
246	980	2.51938
246	986	2.53985
246	997	2.89306
247	376	2.00565
247	478	1.94983
247	638	3.16228
247	677	3.197
247	740	3.03756
247	753	3.03759
248	847	2.1107
248	909	1.24345
248	944	2.14077
248	982	3.09815
248	993	3.31992
248	998	3.42903
249	60	0.125765
249	694	1.71531
249	729	2.06687
249	898	3.23675
249	904	2.7998
249	926	3.28222
250	590	2.7
250	688	1.88534
250	779	2.41544
250	835	2.90338
250	843	2.92164
250	852	3.10169
251	96	2.01037
251	140	3.0156
251	164	2.01054
251	255	3.05304
251	462	3.13808
251	920	4.47214
252	211	1.75758
252	447	0.825302
252	704	2.35236
252	763	2.47961
252	794	2.84699
252	825	2.96577
253	857	1.26188
253	863	1.24064
253	891	1.76559
253	962	2.93763
253	972	3.01147
253	973	3.01144
254	545	0.991802
254	615	1.50324
254	844	1.54961
254	927	3.35168
254	934	3.65776
254	950	3.72286
255	96	2.01032
255	106	3.0156
255	164	2.01048
255	251	3.05304
255	314	1.46969
255	462	3.13803
256	12	2.20472
256	47	2.20474
256	59	2.91103
256	104	2.91103
256	347	2.99563
256	845	6.4
257	389	1.85203
257	784	2.19919
257	785	2.25596
257	822	2.59328
257	856	3.20472
257	867	2.97505
258	610	1.35491
258	781	1.82917
258	901	2.87917
258	910	2.17699
258	924	3.5953
258	943	3.56827
259	163	1.34979
259	335	1.6271
259	445	2.42254
259	475	2.60951
259	483	2.60946
259	528	2.60944
260	770	1.45175
260	807	1.7433
260	860	2.38742
260	887	2.3655
260	895	2.60693
260	911	2.67314
261	517	2.26274
261	969	2.23366
261	977	2.46621
261	980	2.71275
261	986	2.73322
261	997	3.08644
262	303	2.25165
262	313	2.25165
262	314	2.96966
262	432	2.56952
262	534	3.18557
262	740	4.15692
263	222	1.66434
263	411	2.23791
263	418	1.95113
263	441	1.95113
263	570	2.71179
263	601	2.71179
264	610	1.70778
264	781	2.18205
264	831	2.53869
264	853	2.87734
264	899	7.63675
264	943	3.92115
265	651	3.16228
265	781	1.85687
265	805	2.31523
265	853	2.55217
265	901	2.90687
265	943	3.59597
266	403	0.305234
266	652	3.16228
266	723	1.86564
266	864	3.04514
266	957	3.77646
266	961	4.23475
267	141	1.46969
267	858	1.7493
267	915	2.31736
267	935	2.8114
267	967	3.07989
267	970	3.26916
268	29	0.890313
268	667	2.82023
268	677	3.27839
268	740	3.11896
268	753	3.11898
268	873	3.02694
269	73	2.30484
269	124	1.87518
269	156	1.93041
269	370	1.7793
269	565	2.66863
269	598	2.66866
270	84	2.22003
270	243	1.84862
270	299	2.45491
270	307	2.38063
270	351	1.88515
270	392	2.43756
271	24	2.09384
271	158	2.30183
271	297	2.70836
271	530	3.00911
271	537	3.11445
271	669	3.16228
272	546	2.7
272	657	1.41768
272	660	1.1025
272	939	3.55376
272	940	3.5724
272	941	3.58138
273	133	1.46969
273	609	1.9693
273	623	2.55311
273	700	2.732
273	713	2.732
273	743	3.24063
274	908	0.8753
274	963	2.13127
274	971	2.36465
274	974	2.31882
274	983	2.82418
274	985	2.82318
275	531	2.26274
275	710	1.97089
275	791	2.52295
275	802	2.9355
275	827	2.89903
275	833	2.89903
276	133	1.72688
276	596	2.62366
276	652	2.67299
276	703	3.64829
276	733	3.19558
276	750	3.00832
277	41	2.27187
277	62	2.27171
277	63	2.72774
277	83	2.7277
277	408	3.22792
277	616	3.16228
278	903	2.24938
278	915	2.19234
278	935	2.68638
278	943	3.81584
278	967	2.95487
278	970	3.14414
279	485	0.393099
279	504	0.524888
279	831	2.29478
279	853	2.63344
279	924	3.70427
279	943	3.67724
280	467	1.98653
280	529	1.83175
280	567	2.22707
280	628	2.36081
280	652	2.22802
280	751	2.59413
281	463	1.41392
281	519	1.3208
281	664	2.62524
281	823	3.41568
281	857	6.4
281	926	4.45249
282	283	2.38828
282	328	1.46969
282	364	1.97532
282	425	2.86805
282	559	2.93487
282	591	3.06236
283	55	1.75529
283	282	2.38828
283	338	1.46969
283	431	2.7175
283	559	3.11949
283	591	3.24698
284	571	0.854985
284	645	1.04842
284	814	2.20203
284	887	2.47039
284	965	4.26946
284	984	4.85206
285	914	0.977768
285	963	2.11109
285	971	2.34446
285	974	2.29864
285	983	2.804
285	985	2.803
286	102	2.09159
286	149	2.33586
286	204	1.5747
286	220	1.91648
286	410	2.60462
286	522	2.70442
287	111	3.10883
287	153	2.0727
287	159	2.07276
287	205	2.07272
287	241	3.90023
287	920	4.47214
288	236	1.5099
288	719	0.00668173
288	979	3.02239
288	992	3.33232
288	996	3.50404
288	1000	3.47339
289	683	0.249585
289	902	1.96024
289	930	2.17166
289	931	2.45837
289	964	2.96689
289	981	3.4206
290	13	1.59979
290	68	1.59979
290	312	1.99108
290	417	2.67921
290	444	2.67915
290	459	2.67913
291	889	1.56082
291	906	1.57474
291	953	2.26531
291	956	2.43601
291	959	2.60594
291	966	2.78592
292	124	2.28393
292	174	1.46969
292	370	2.18805
292	423	2.60019
292	565	3.07737
292	598	3.0774
293	81	2.40979
293	114	2.4099
293	121	2.49755
293	128	2.7794
293	341	3.13063
293	564	2.7
294	195	0.344519
294	389	1.07513
294	614	1.99849
294	859	3.28375
294	869	3.06706
294	883	3.45873
295	28	0.990374
295	98	0.690473
295	734	2.24216
295	816	2.78659
295	839	2.79612
295	900	3.7214
296	532	1.62325
296	668	1.31467
296	758	2.00995
296	765	1.93582
296	868	2.93539
296	928	3.40888
297	24	2.08415
297	271	2.70836
297	302	2.33089
297	478	2.26274
297	530	2.99942
297	537	3.10476
298	521	2.23666
298	670	3.16228
298	774	3.17043
298	783	3.73054
298	844	4.0899
298	877	3.12886
299	185	2.7206
299	193	1.46969
299	243	2.47568
299	270	2.45491
299	351	2.51221
299	392	3.06463
300	400	0.04358
300	640	0.75377
300	792	2.33498
300	886	2.84454
300	918	3.64416
300	936	3.60619
301	557	2.7
301	882	2.13758
301	945	2.62003
301	960	2.99275
301	965	2.72963
301	968	2.74666
302	24	1.71636
302	158	1.92436
302	230	1.88733
302	297	2.33089
302	530	2.63164
302	537	2.73697
303	42	2.20281
303	72	2.20281
303	262	2.25165
303	314	2.25153
303	432	1.85139
303	534	2.46744
304	952	5.33529
304	963	2.30444
304	971	2.53782
304	974	2.49199
304	983	2.99735
304	985	2.99635
305	584	0.161022
305	776	1.25506
305	812	1.78335
305	913	2.85889
305	942	3.09989
305	995	4.06243
306	609	1.9693
306	623	2.55311
306	695	3.64829
306	700	2.732
306	713	2.732
306	743	3.24063
307	84	2.77281
307	185	2.64632
307	270	2.38063
307	351	2.43793
307	392	2.99035
307	469	2.26274
308	532	1.74869
308	758	2.13538
308	861	2.71009
308	880	2.65835
308	884	3.09888
308	928	3.53431
309	541	1.81037
309	680	2.32252
309	692	1.81243
309	707	2.21539
309	735	2.10682
309	879	2.95967
310	810	1.88358
310	814	1.39482
310	882	2.87019
310	945	3.35264
310	960	3.72536
310	963	6.05461
311	505	0.962419
311	589	2.7
311	842	2.22174
311	875	2.76481
311	927	3.45348
311	950	3.82466
312	13	1.59976
312	68	1.59976
312	290	1.99108
312	417	2.67918
312	444	2.67912
312	459	2.67909
313	42	2.20281
313	72	2.20281
313	262	2.25165
313	314	2.25153
313	432	1.85139
313	534	2.46744
314	255	1.46969
314	262	2.96966
314	303	2.25153
314	313	2.25153
314	432	2.5694
314	534	3.18545
315	17	2.79403
315	238	3.00603
315	345	3.60705
315	453	3.82076
315	610	2.7
315	927	4.04417
316	788	0.892116
316	814	1.31745
316	947	1.67271
316	960	3.648
316	968	3.4019
316	984	3.96748
317	379	2.15322
317	480	2.03009
317	488	2.14734
317	493	1.8907
317	543	2.38262
317	697	2.62352
318	231	1.72414
318	512	2.41988
318	569	2.49324
318	688	3.64829
318	730	2.91909
318	826	3.67145
319	236	1.47627
319	244	1.22024
319	641	2.08946
319	730	2.31768
319	795	3.05375
319	826	3.07004
320	528	2.26274
320	792	1.83252
320	886	2.34208
320	917	2.81587
320	918	3.1417
320	936	3.10373
321	93	1.36159
321	474	2.04008
321	495	2.37957
321	551	2.46458
321	597	2.24598
321	626	2.73518
322	449	1.77756
322	497	1.95779
322	523	2.14252
322	568	2.37055
322	612	2.48962
322	656	2.48963
323	395	2.34231
323	474	2.41112
323	495	2.75061
323	597	2.61702
323	626	3.10623
323	729	1.09068
324	553	1.00792
324	620	1.46506
324	756	1.96056
324	874	2.6245
324	923	3.01681
324	937	3.15187
325	784	1.76712
325	785	1.8239
325	798	2.16039
325	822	2.16121
325	856	2.77265
325	867	2.54298
326	894	1.11697
326	910	1.34268
326	951	1.96908
326	978	2.64228
326	987	2.88878
326	997	3.2694
327	556	1.81567
327	771	2.96936
327	791	2.56336
327	827	2.93944
327	833	2.93945
327	951	1.64815
328	282	1.46969
328	681	1.18301
328	865	2.58886
328	916	2.75467
328	947	3.28641
328	954	3.41425
329	26	3.16177
329	106	0.67509
329	179	2.67808
329	391	3.69376
329	456	3.69375
329	826	3.01022
330	371	1.48941
330	377	1.74242
330	511	2.27048
330	535	2.45598
330	536	2.85498
330	549	2.41477
331	434	0.0873415
331	821	1.64342
331	903	2.48832
331	915	2.43128
331	967	3.19381
331	970	3.38308
332	119	1.41005
332	442	2.37344
332	561	2.59334
332	692	2.85176
332	810	0.362551
332	879	3.999
333	555	1.21189
333	671	1.61681
333	849	3.10884
333	916	3.31507
333	954	3.97464
333	995	4.17138
334	566	1.35254
334	670	0.765681
334	787	1.87746
334	881	2.64932
334	938	3.21383
334	946	3.36742
335	27	1.77892
335	259	1.6271
335	445	2.31532
335	475	2.50228
335	483	2.50224
335	528	2.50222
336	49	2.18782
336	108	2.26506
336	194	1.78935
336	350	2.0051
336	396	2.1821
336	498	2.79817
337	914	0.977768
337	963	2.11109
337	971	2.34446
337	974	2.29864
337	983	2.804
337	985	2.803
338	182	1.65535
338	201	2.1231
338	283	1.46969
338	497	2.79511
338	612	3.32694
338	656	3.32695
339	552	0.953186
339	664	1.41201
339	694	1.67234
339	898	3.19377
339	904	2.75683
339	926	3.23925
340	126	1.1354
340	541	2.60706
340	680	3.1192
340	692	2.60911
340	879	3.75635
340	886	2.04202
341	81	2.19881
341	114	2.19892
341	128	2.56843
341	293	3.13063
341	359	3.13062
341	607	2.7
342	830	1.17188
342	842	5.80948
342	847	1.29241
342	988	3.61072
342	989	3.43107
342	999	3.72094
343	621	0.0688635
343	857	1.44865
343	907	2.1901
343	962	3.1244
343	972	3.19824
343	973	3.19821
344	372	0.649094
344	654	3.16228
344	850	2.03176
344	935	3.27335
344	967	3.54184
344	970	3.73111
345	7	2.33904
345	180	2.28598
345	218	2.62444
345	238	2.37074
345	315	3.60705
345	573	2.7
346	171	1.29683
346	478	2.24151
346	667	3.03052
346	740	3.32924
346	753	3.32927
346	796	2.42799
347	12	2.20474
347	47	2.20476
347	59	2.91106
347	104	2.91106
347	256	2.99563
347	473	2.26274
348	877	3.88041
348	888	1.94294
348	896	1.97856
348	953	2.93164
348	956	3.10234
348	959	3.27226
349	889	1.60455
349	896	1.35597
349	953	2.30905
349	956	2.47975
349	959	2.64967
349	966	2.82966
350	49	2.30163
350	134	1.80965
350	194	1.90316
350	336	2.0051
350	396	2.2959
350	498	2.91197
351	160	2.33519
351	185	2.15084
351	243	1.90592
351	270	1.88515
351	299	2.51221
351	307	2.43793
352	550	1.70893
352	609	2.18032
352	700	2.94303
352	713	2.94303
352	743	3.45165
352	884	1.03949
353	546	0.576928
353	819	1.15578
353	858	2.18443
353	935	3.24653
353	967	3.51503
353	970	3.7043
354	221	0.631784
354	837	2.47488
354	887	3.19069
354	895	3.43212
354	911	3.49832
354	936	2.46895
355	845	0.303833
355	979	2.40995
355	990	2.4609
355	992	2.71989
355	996	2.8916
355	1000	2.86096
356	911	3.20855
356	990	2.38704
356	991	2.71368
356	994	2.64412
356	996	2.81775
356	1000	2.7871
357	65	1.93606
357	139	1.40806
357	366	1.67178
357	494	2.31629
357	576	2.87844
357	611	3.01684
358	577	0.614789
358	945	2.92121
358	965	3.03081
358	968	3.04784
358	981	2.19124
358	984	3.61341
359	81	2.40978
359	114	2.40989
359	121	2.49755
359	128	2.7794
359	341	3.13062
359	929	3.85698
360	402	1.85203
360	888	1.85451
360	906	2.15263
360	953	2.8432
360	956	3.0139
360	966	3.36381
361	75	1.87204
361	86	1.95371
361	428	2.82228
361	580	3.366
361	593	3.21356
361	826	2.79925
362	14	1.93751
362	374	2.53043
362	413	1.85203
362	451	2.61309
362	476	2.79205
362	544	3.35427
363	638	0.505264
363	824	2.44473
363	828	1.8574
363	864	2.43279
363	871	2.36489
363	961	3.62239
364	55	1.34233
364	92	2.1318
364	282	1.97532
364	425	2.63971
364	431	2.30454
364	591	2.83402
365	726	0.771051
365	792	1.67808
365	886	2.18764
365	917	2.66143
365	918	2.98726
365	936	2.94929
366	56	1.84652
366	357	1.67178
366	494	2.02364
366	531	2.37581
366	576	2.58579
366	611	2.72419
367	566	2.02224
367	572	2.7
367	670	1.43538
367	787	2.54716
367	832	2.74156
367	938	3.88353
367	946	4.03711
368	82	0.137296
368	175	0.704743
368	689	1.76173
368	708	1.47704
368	942	3.93117
368	949	3.7662
368	995	4.89371
369	446	0.751177
369	676	3.64829
369	824	2.93744
369	828	2.35011
369	871	2.85759
369	957	3.65681
369	961	4.1151
370	73	2.49213
370	156	2.11771
370	269	1.7793
370	292	2.18805
370	423	2.37873
370	565	2.85592
370	598	2.85595
371	173	1.42746
371	330	1.48941
371	377	2.14498
371	511	2.67305
371	535	2.85854
371	536	3.25755
371	549	2.81733
372	344	0.649094
372	691	1.22128
372	773	1.5377
372	850	2.31158
372	903	3.11617
372	967	3.82166
372	970	4.01093
373	74	0.587015
373	666	0.974861
373	726	1.67819
373	792	2.58522
373	886	3.09478
373	918	3.89441
373	936	3.85644
374	14	1.73933
374	178	1.87239
374	188	2.36111
374	362	2.53043
374	451	2.4149
374	476	2.59387
374	544	3.15609
375	446	1.85203
375	630	1.80941
375	659	1.84023
375	765	2.4744
375	861	3.12323
375	868	3.47396
375	928	3.94746
376	171	1.49223
376	247	2.00565
376	478	2.43692
376	677	3.68408
376	740	3.52465
376	747	1.24167
376	753	3.52468
377	15	1.40717
377	173	1.68047
377	330	1.74242
377	371	2.14498
377	535	3.11155
377	536	3.51055
377	549	3.07034
378	821	2.04554
378	850	2.08585
378	858	2.26534
378	903	2.89044
378	928	2.96026
378	967	3.59593
378	970	3.7852
379	39	1.89861
379	317	2.15322
379	480	2.96183
379	490	2.88117
379	573	3.2179
379	697	3.55526
379	812	0.612763
380	979	2.12181
380	990	2.17275
380	991	2.49939
380	992	2.43174
380	994	2.42983
380	996	2.60346
380	1000	2.57281
381	696	1.29016
381	725	0.869789
381	875	2.3015
381	890	2.52197
381	919	3.02736
381	934	3.29625
381	950	3.36135
382	18	1.66094
382	222	1.96101
382	411	2.53459
382	418	2.24781
382	441	2.24781
382	570	3.00847
382	601	3.00846
383	151	2.38108
383	385	2.4865
383	532	2.26274
383	644	2.88982
383	856	0.386458
383	872	4.49062
383	876	4.42096
384	755	1.86382
384	784	2.02997
384	785	2.08674
384	798	2.42324
384	822	2.42406
384	856	3.0355
384	867	2.80583
385	383	2.4865
385	406	1.54001
385	727	2.98313
385	747	2.95733
385	813	3.16538
385	876	3.53639
385	944	5.52645
386	651	1.63954
386	698	1.86113
386	736	2.19609
386	817	1.21373
386	912	3.44212
386	925	3.53437
386	933	3.99468
387	613	0.195406
387	829	1.74005
387	863	1.79398
387	891	2.31892
387	962	3.49096
387	972	3.5648
387	973	3.56478
388	23	0.473842
388	792	2.42595
388	886	2.93551
388	917	3.4093
388	918	3.73513
388	936	3.69716
388	953	4.26133
389	257	1.85203
389	294	1.07513
389	643	2.01261
389	772	2.84739
389	859	3.59184
389	869	3.37514
389	883	3.76681
390	796	2.81033
390	894	1.42732
390	951	2.27943
390	978	2.95263
390	980	3.20606
390	986	3.22653
390	997	3.57975
391	26	2.54267
391	135	2.34666
391	179	2.05898
391	203	2.95153
391	329	3.69376
391	456	3.07465
391	866	3.2
392	84	2.82975
392	160	2.8876
392	243	2.45834
392	270	2.43756
392	299	3.06463
392	307	2.99035
392	956	4.36276
393	11	1.98967
393	427	2.8453
393	457	3.09074
393	461	2.4176
393	472	3.21715
393	492	3.10808
393	818	1.85387
394	683	0.331847
394	902	2.0425
394	929	2.21818
394	931	2.54063
394	958	2.98312
394	964	3.04915
394	981	3.50286
395	323	2.34231
395	429	2.59963
395	474	2.62124
395	495	2.96073
395	597	2.82714
395	626	3.31635
395	883	0.854079
396	49	2.47863
396	108	2.55586
396	134	1.98665
396	194	2.08015
396	336	2.1821
396	350	2.2959
396	498	3.08897
397	542	0.211654
397	866	3.2
397	963	2.94634
397	971	3.17972
397	974	3.13389
397	983	3.63925
397	985	3.63825
398	117	1.85203
398	547	1.55704
398	581	1.76403
398	687	2.23129
398	823	3.19024
398	898	4.18156
398	904	3.74462
399	540	2.26274
399	711	0.353937
399	948	2.60881
399	952	2.82843
399	975	3.35335
399	989	3.61688
399	999	3.90675
400	300	0.04358
400	640	0.775145
400	792	2.35635
400	886	2.86591
400	917	3.3397
400	918	3.66553
400	936	3.62756
401	666	0.758145
401	783	0.189096
401	792	2.36851
401	886	2.87807
401	917	3.35186
401	918	3.67769
401	936	3.63972
402	360	1.85203
402	688	2.17361
402	699	1.99982
402	779	2.70371
402	835	3.19165
402	843	3.20991
402	852	3.38996
403	266	0.305234
403	629	1.45773
403	673	1.18171
403	834	2.69866
403	864	3.03477
403	957	3.76608
403	961	4.22437
404	21	0.124062
404	586	0.636131
404	693	1.01999
404	907	2.98437
404	962	3.91866
404	972	3.9925
404	973	3.99247
405	22	0.477904
405	219	0.0878059
405	686	1.25327
405	846	2.66161
405	913	3.63577
405	949	3.7118
405	995	4.83931
406	151	1.43459
406	172	0.934356
406	385	1.54001
406	747	2.89541
406	813	3.10345
406	817	3.2163
406	872	3.54413
407	95	1.85203
407	910	1.75743
407	951	2.38382
407	969	2.83137
407	977	3.06392
407	986	3.33093
407	987	3.30353
408	41	2.32521
408	62	2.32505
408	63	2.78108
408	83	2.78104
408	242	3.22792
408	277	3.22792
408	834	1.48714
409	755	1.86382
409	784	2.02997
409	785	2.08674
409	798	2.42324
409	822	2.42406
409	856	3.0355
409	867	2.80583
410	58	2.73005
410	102	2.85322
410	204	2.33633
410	220	2.67811
410	286	2.60462
410	522	3.46605
410	901	2.92025
411	263	2.23791
411	382	2.53459
411	418	2.59378
411	441	2.59378
411	570	3.35445
411	601	3.35444
411	689	3.64829
412	479	0.220602
412	566	2.06938
412	824	0.180591
412	862	2.99725
412	881	3.36616
412	938	3.93067
412	946	4.08425
413	362	1.85203
413	630	1.82459
413	668	1.86843
413	722	2.38555
413	861	3.13841
413	868	3.48915
413	928	3.96264
414	95	1.16878
414	466	1.10817
414	767	3.08996
414	774	2.34405
414	783	2.90417
414	811	2.78996
414	844	3.26352
415	244	1.35872
415	512	1.95694
415	634	2.26714
415	641	2.22793
415	730	2.45615
415	795	3.19222
415	826	3.20851
416	676	1.63055
416	717	3.64829
416	808	2.50103
416	860	3.0134
416	887	2.99148
416	895	3.23291
416	911	3.29911
417	13	2.28789
417	68	2.28789
417	290	2.67921
417	312	2.67918
417	444	3.36725
417	459	3.36723
417	516	2.26274
418	18	1.72014
418	222	2.02021
418	263	1.95113
418	382	2.24781
418	411	2.59378
418	570	3.06766
418	601	3.06766
419	203	1.85203
419	990	2.52341
419	991	2.85005
419	992	2.7824
419	994	2.78049
419	996	2.95412
419	1000	2.92347
420	661	1.87371
420	762	4.15692
420	780	2.2993
420	799	2.48771
420	848	3.152
420	855	3.0396
420	937	3.81612
421	773	1.23677
421	858	2.19014
421	915	2.7582
421	935	3.25224
421	967	3.52073
421	970	3.71
421	999	5.05766
422	43	1.46076
422	704	2.65715
422	763	2.78439
422	794	3.15178
422	804	3.34406
422	825	3.27056
422	906	1.92872
423	73	2.90427
423	146	2.24851
423	292	2.60019
423	370	2.37873
423	565	3.26806
423	598	3.26809
423	985	4.10288
424	908	1.4488
424	963	2.70477
424	971	2.93815
424	974	2.89232
424	983	3.39768
424	985	3.39668
424	996	1.52517
425	16	2.12893
425	55	2.23506
425	58	1.85203
425	282	2.86805
425	364	2.63971
425	431	3.19727
425	559	3.59925
426	771	0.624829
426	836	1.58951
426	882	2.44402
426	945	2.92647
426	965	3.03607
426	968	3.0531
426	984	3.61867
427	226	2.34721
427	393	2.8453
427	449	1.85203
427	457	3.00141
427	461	2.32827
427	472	3.12782
427	492	3.01875
428	75	1.76423
428	228	2.91286
428	361	2.82228
428	452	2.80531
428	455	1.85203
428	580	3.25819
428	593	3.10576
429	136	1.72995
429	395	2.59963
429	495	3.00794
429	551	3.09294
429	597	2.87434
429	626	3.36355
429	986	2.52492
430	94	1.19737
430	487	1.85139
430	655	2.59961
430	774	3.00003
430	843	3.27173
430	844	3.9195
430	893	4.10054
431	16	1.79377
431	283	2.7175
431	364	2.30454
431	425	3.19727
431	559	3.26409
431	591	3.39158
431	788	4.68722
432	42	2.52068
432	72	2.52068
432	262	2.56952
432	303	1.85139
432	313	1.85139
432	314	2.5694
432	534	2.78531
433	575	1.53476
433	602	1.2739
433	614	1.90105
433	772	2.44186
433	859	3.18631
433	869	2.96962
433	883	3.36129
434	331	0.0873415
434	821	2.48114
434	850	2.52145
434	903	3.32604
434	967	4.03153
434	970	4.2208
434	992	1.54253
435	481	1.3736
435	602	1.68627
435	772	2.85423
435	859	3.59868
435	869	3.38198
435	883	3.77365
435	966	2.51702
436	857	1.46727
436	863	1.44602
436	891	1.97097
436	907	2.20872
436	962	3.14301
436	972	3.21685
436	973	3.21682
437	712	0.0292369
437	908	1.66609
437	914	1.78875
437	963	2.92207
437	974	3.10962
437	983	3.61498
437	985	3.61398
438	36	0.145386
438	548	0.479183
438	708	1.5662
438	732	1.61784
438	942	4.02033
438	949	3.85537
438	995	4.98288
439	760	0.957841
439	820	1.39621
439	885	2.37043
439	919	2.8446
439	927	2.80742
439	934	3.1135
439	950	3.1786
440	109	0.028855
440	732	0.985505
440	776	1.54318
440	913	3.14701
440	942	3.388
440	949	3.22304
440	995	4.35055
441	18	1.72014
441	222	2.02021
441	263	1.95113
441	382	2.24781
441	411	2.59378
441	570	3.06766
441	601	3.06766
442	332	2.37344
442	507	2.32198
442	541	2.63274
442	639	2.51992
442	707	3.03775
442	829	1.49942
442	879	3.78203
443	631	1.54715
443	688	1.84617
443	705	2.21487
443	782	2.25131
443	835	2.86421
443	843	2.88247
443	852	3.06252
444	13	2.28783
444	68	2.28783
444	290	2.67915
444	312	2.67912
444	417	3.36725
444	459	3.36717
444	852	2.04755
445	163	2.03801
445	259	2.42254
445	335	2.31532
445	475	3.29772
445	483	3.29768
445	528	3.29766
445	949	5.52645
446	369	0.751177
446	375	1.85203
446	629	2.02332
446	673	1.7473
446	828	3.02497
446	957	4.33167
446	961	4.78996
447	252	0.825302
447	650	2.08979
447	704	2.36632
447	763	2.49357
447	794	2.86095
447	804	3.05324
447	825	2.97973
448	979	2.12181
448	990	2.17275
448	991	2.49939
448	992	2.43174
448	994	2.42983
448	996	2.60346
448	1000	2.57281
449	322	1.77756
449	427	1.85203
449	497	2.64602
449	523	2.83074
449	568	3.05878
